-23.485799280723853
-15.187665518637719
-5.7558916975079235
4.349265825269083
15.710967276771763
27.71951430193071
40.64217401504726
54.768726228827006
69.93808568857968
-24.94603595584331
-16.946746353935225
-7.358002032728678
3.301549686705993
15.658277103999364
29.246231376027286
44.21970355196212
60.72257965523722
78.36981642772409
-20.386108914816788
-14.563262149313257
-6.769448266087952
2.470250132807018
13.532490597809282
26.240378033517068
40.71058183792797
56.94161505572567
74.50066986946923
-8.658202649513614
-6.603810506985887
-2.76862840387221
2.7420636093736586
10.477330514770815
20.212265548786398
31.853089712262452
45.334749491494456
60.414561441155854
7.978191683237422
4.986463871099884
4.069167694039246
4.906431088860399
7.951975077728742
13.045213852236374
20.053088693622577
29.002450653427367
39.93273073480315
25.94185700993767
18.157383460045782
12.519187612420946
8.589400614198194
6.651957791771712
6.641639240194488
8.482030760863674
12.28836191089755
18.27622555442185
40.79295950398058
29.71362842057236
20.388115712351432
12.753802749389509
6.891297718896903
2.682427730543015
0.059653566669438045
-0.8570331820970823
0.17902830992996566
48.25833149191874
36.06907365282459
25.104600589781626
15.597284563018308
7.547808307732999
0.8041819368454421
-4.716002383255079
-8.95396538853248
-11.757894716921607
46.65142887187034
35.481726642038005
25.220242659284214
15.997364960425836
7.777491414182013
0.4813095664247566
-5.874718076015943
-11.203023580086578
-15.416067899630644
