-0.18910641300975684
0.12258264392775331
0.026046070059520865
0.0032785987076442424
0.02573948565166262
-0.040083671299090184
-0.13696061695102202
-0.10744458159602033
0.15709714308273703
0.2603843151493024
0.04131100769903995
-0.18213966528628944
-0.15411721451501093
0.11328633301462077
0.2896000186644194
0.22161893395985288
0.022997868234256202
-0.21918138522046604
-0.08600596473102584
-0.0614150235930051
-0.07438584853943198
-0.0765581679368581
0.07704477664615084
0.24974703131088205
0.19175713561635632
0.0031783349547680473
-0.197107175945618
0.018758850783004988
-0.015049118247761228
0.029573477263765025
-0.0512482139800694
-0.1512893375978237
-0.13371306760420154
-0.23273971190613807
-0.3169806023640689
-0.14188588387549572
-0.034559211262669365
0.0035942438951508393
0.0273634450989233
-0.03150927737728093
-0.16152149821067763
-0.10613779399744594
-0.07738043001318218
0.05187399471912002
0.708344689219615
0.029916422288401634
-0.1304410676922032
0.0517710312367754
0.05886835806077784
-0.08965431563079118
-0.1003847486157925
-0.17359362326269157
-0.3623068933000706
-0.20194753152765088
-0.034198608210694204
0.15151001820683518
0.10152688294321521
-0.06150829645196865
-0.05709394931868683
0.12309041893761341
0.3031323682453168
0.07083388059242157
-0.38034688198882144
-0.2937738771869931
0.06240566231196709
-0.04985936149826742
-0.1324294897913223
-0.014930797647425997
0.16968708128484444
0.66677667332395
0.8118059524591459
0.41288323345440503
0.2682254927796208
-0.027612914442499914
-0.09348669839976864
0.057153247242393235
0.05869569949316045
-0.26276357145182583
-0.17697618857385056
-0.2186084089918321
-0.752025120665337
