0.32815426827498534 2.3417884563732807 -4.032138041719231 2.5273563138573514 3.324155089735951 6.168243228914947 -0.2933324760082011
-0.7693706303092281 -1.8429146993782974 -4.0413308262658685 3.1040867214487657 7.047585763448967 -9.730026937116381 3.171172712283117
1.0096133065079982 1.791464754421326 -2.327251479589359 1.2593636701744406 -0.021720378662655342 5.783439160621729 0.4351617983386405
2.570989566510638 -0.605906947541461 -0.36488219168692837 1.5418804564144304 3.491325049058015 -7.81626671295472 4.1210269298923965
-0.7917643842992239 1.7803357599019884 -5.05843470152704 2.612158766345123 2.7535092173447935 4.852004739168391 0.4813291130323509
3.5721885497344332 -4.779237666219768 -1.5427407118981757 0.7243273487102718 0.6283784532620319 -4.420906316161361 1.848054903379194
-0.3380740959634945 -1.5809085114061239 -2.486945587535719 1.6615689733268988 6.263837880676203 -10.678972972105912 3.856356875247267
-3.3217815558674855 3.3639044291474933 1.7834350320073098 0.15616759109252323 -0.1023707483495832 -1.3475099006491473 2.045645022254224
-2.89822439655418 -0.7370909791290029 1.481713764504059 0.2763556779862638 -0.7072188225488721 -5.9413530557047665 7.163431232513375
-0.7849795149483888 0.9542943101306031 -4.777984662044172 -2.430272794341611 -3.466371057389698 20.767170575041806 10.827915064668503
