-31.325374581494135
-18.85442604679557
-6.147001270103521
6.720855048434617
19.699806290925068
32.75948627603736
45.88225681763053
59.057777757685024
72.27826265192263
-29.559079065744566
-18.397234543129553
-6.606401775813557
5.619774403389396
18.151975273233795
30.90894140038891
43.842815744552205
56.92538099866263
70.1354252662861
-23.250214178114348
-15.290983495909646
-5.854614961288888
4.656039329941695
15.951625500912366
27.84130174340377
40.20958030358291
52.98782551217528
66.12393235298563
-9.019427282232252
-6.946732639006543
-2.3240813933066082
4.355364895657362
12.671140445656695
22.315720262422857
33.09548515372012
44.89794163608478
57.63604282038562
10.813763996898455
6.457326716454352
4.784578028103359
5.623568772855496
8.743170191164253
13.946541988785773
21.129084737278447
30.276921937596313
41.400245653554975
27.467706739191513
19.266107460279148
12.906927407791772
8.510521382174906
6.133596451439837
5.839669268256891
7.773154509817355
12.196072650487396
19.448436006402513
37.72898838439526
27.961439399498005
19.294755396761925
11.89257326558904
5.895195790097671
1.4661072092182297
-1.1410593460027074
-1.521993582358713
0.893443842672565
44.0067186416729
33.63388392979896
23.956169052570193
15.107699324332293
7.217160971326243
0.44104748658632903
-4.980957460886907
-8.661818211082716
-10.018892898226508
48.54420988309465
37.898482061595246
27.728925662289175
18.139334299646045
9.233873471181639
1.1419431080240419
-5.937258637810465
-11.676589903146894
-15.563095930916235
