-4.000000	-4.000000	-23.299211
-4.000000	-3.000000	-15.047407
-4.000000	-2.000000	-5.824803
-4.000000	-1.000000	4.368602
-4.000000	0.000000	15.532808
-4.000000	1.000000	27.667814
-4.000000	2.000000	40.773620
-4.000000	3.000000	54.850227
-4.000000	4.000000	69.897634
-3.000000	-4.000000	-25.203618
-3.000000	-3.000000	-17.029472
-3.000000	-2.000000	-7.492968
-3.000000	-1.000000	3.405894
-3.000000	0.000000	15.667114
-3.000000	1.000000	29.290692
-3.000000	2.000000	44.276627
-3.000000	3.000000	60.624920
-3.000000	4.000000	78.335571
-2.000000	-4.000000	-20.360481
-2.000000	-3.000000	-14.422007
-2.000000	-2.000000	-6.786827
-2.000000	-1.000000	2.545060
-2.000000	0.000000	13.573654
-2.000000	1.000000	26.298954
-2.000000	2.000000	40.720961
-2.000000	3.000000	56.839675
-2.000000	4.000000	74.655095
-1.000000	-4.000000	-8.644774
-1.000000	-3.000000	-6.723713
-1.000000	-2.000000	-2.881591
-1.000000	-1.000000	2.881591
-1.000000	0.000000	10.565835
-1.000000	1.000000	20.171140
-1.000000	2.000000	31.697506
-1.000000	3.000000	45.144933
-1.000000	4.000000	60.513421
0.000000	-4.000000	8.000000
0.000000	-3.000000	5.000000
0.000000	-2.000000	4.000000
0.000000	-1.000000	5.000000
0.000000	0.000000	8.000000
0.000000	1.000000	13.000000
0.000000	2.000000	20.000000
0.000000	3.000000	29.000000
0.000000	4.000000	40.000000
1.000000	-4.000000	25.934323
1.000000	-3.000000	18.250079
1.000000	-2.000000	12.486896
1.000000	-1.000000	8.644774
1.000000	0.000000	6.723713
1.000000	1.000000	6.723713
1.000000	2.000000	8.644774
1.000000	3.000000	12.486896
1.000000	4.000000	18.250079
2.000000	-4.000000	40.720961
2.000000	-3.000000	29.692367
2.000000	-2.000000	20.360481
2.000000	-1.000000	12.725300
2.000000	0.000000	6.786827
2.000000	1.000000	2.545060
2.000000	2.000000	0.000000
2.000000	3.000000	-0.848353
2.000000	4.000000	0.000000
3.000000	-4.000000	48.363700
3.000000	-3.000000	36.102480
3.000000	-2.000000	25.203618
3.000000	-1.000000	15.667114
3.000000	0.000000	7.492968
3.000000	1.000000	0.681179
3.000000	2.000000	-4.768252
3.000000	3.000000	-8.855325
3.000000	4.000000	-11.580041
4.000000	-4.000000	46.598423
4.000000	-3.000000	35.434217
4.000000	-2.000000	25.240812
4.000000	-1.000000	16.018208
4.000000	0.000000	7.766404
4.000000	1.000000	0.485400
4.000000	2.000000	-5.824803
4.000000	3.000000	-11.164205
4.000000	4.000000	-15.532808