8.433515433275005
11.404200180942158
14.374884928609308
17.34556967627646
20.316254423943615
23.28693917161077
26.25762391927792
29.228308666945072
32.198993414612225
7.200955824157638
10.171640571824792
13.14232531949194
16.113010067159095
19.08369481482625
22.054379562493402
25.02506431016055
27.9957490578277
30.966433805494855
5.96839621504027
8.939080962707424
11.909765710374575
14.880450458041729
17.851135205708882
20.821819953376036
23.79250470104319
26.763189448710335
29.73387419637749
4.735836605922904
7.706521353590056
10.677206101257209
13.647890848924362
16.618575596591516
19.589260344258665
22.55994509192582
25.53062983959297
28.501314587260126
3.5032769968055373
6.473961744472691
9.444646492139842
12.415331239806997
15.386015987474147
18.3567007351413
21.327385482808452
24.298070230475602
27.26875497814276
2.2707173876881708
5.241402135355324
8.212086883022476
11.18277163068963
14.15345637835678
17.124141126023932
20.094825873691086
23.065510621358236
26.036195369025393
1.0381577785708043
4.008842526237958
6.979527273905109
9.950212021572261
12.920896769239414
15.891581516906566
18.86226626457372
21.83295101224087
24.803635759908026
-0.19440183054656224
2.776282917120591
5.746967664787741
8.717652412454894
11.688337160122046
14.6590219077892
17.629706655456353
20.600391403123503
23.57107615079066
-1.4269614396639287
1.5437233080032247
4.5144080556703745
7.485092803337528
10.45577755100468
13.426462298671833
16.397147046338986
19.367831794006136
22.33851654167329
